187281201 4591323.248893 5823240.906068
192413401 4594275.764525 5823397.592255
192909401 4595612.126494 5818526.478663
226293601 4591496.164824 5819268.874750
228010701 4591708.624019 5819421.992348
238310601 4594624.227822 5819030.264844
242802701 4594976.284759 5821300.023539
256161401 4593331.476055 5818623.631464
257559701 4594156.775284 5816866.716736
295482601 4597883.134001 5822341.348732
304148901 4591267.432157 5819910.886202
304513601 4594530.684037 5819050.868768
309098901 4592688.379688 5819074.877302
311554101 4596844.625354 5818601.788187
321063501 4594874.835109 5820484.400566
366570001 4592255.276852 5822608.226084
383986801 4592289.628019 5823166.705923
405516301 4591108.100709 5817344.735465
412824101 4593343.282183 5817758.840827
429124801 4592639.794398 5822139.098116
435306701 4595711.185831 5821974.868038
439369201 4591469.975074 5820322.986119
